0, 1 , 
1, 2 33 , 
2, 3 9 , 
3, 4 5 , 
4, , true 1.8796585946251696 true 1.0340022286989665 true 2.6188206888259487 true 1.606078536926205 true 2.9008687704095593 true 3.6661270488501145 true 1.097273727195983 
5, 6 7 , 
6, , true 1.635058208140812 true 3.460017793226939 true 2.4561275622549132 true 1.6659832717809735 
7, 8 , 
8, , 
9, 10 21 24 , 
10, 11 12 16 17 , false 1.4612189838061127 false 2.967943016703998 
11, , true 3.9602183797446955 true 2.0943725398219195 
12, 13 14 15 , 
13, , false 1.9883592997980202 false 1.6008398331548221 
14, , 
15, , false 1.8965143919773837 false 1.243402012423111 
16, , true 2.201145301158988 true 2.4166769360728253 true 2.0750969328230724 true 3.976489396265265 
17, 18 19 20 , 
18, , 
19, , false 3.652606326747865 false 2.015422533584278 
20, , false 3.960529703289474 
21, 22 , false 3.4022658233743215 
22, 23 , true 2.903038014932747 true 2.83198916781825 
23, , 
24, 25 28 31 , 
25, 26 27 , 
26, , false 3.4276340241916614 false 3.890053884546024 
27, , false 1.5981878560954925 
28, 29 30 , 
29, , 
30, , true 1.0080025614467587 true 2.2079626478204446 true 3.725162944089057 true 3.947782352266671 true 2.2509813686573494 true 3.245323463059165 true 2.0277299287464032 
31, 32 , 
32, , true 2.799900865464082 true 3.6055828637205707 true 1.03732593138335 true 3.247878805791885 true 2.6303927034620926 true 1.558623926154283 true 1.7947635432729783 
33, 34 38 66 , 
34, 35 36 37 , 
35, , 
36, , true 2.85895971923388 true 1.269270726681338 true 1.4926138251304604 true 2.507905827430031 true 3.2339954631890464 true 2.5581498672407577 true 2.083688220615052 
37, , false 3.84520858454637 false 3.183668414548137 
38, 39 41 57 60 , 
39, 40 , 
40, , 
41, 42 45 49 53 , 
42, 43 44 , 
43, , 
44, , 
45, 46 47 48 , false 1.4264014255881108 
46, , true 1.0524097696838504 true 2.38100221158712 true 2.3867700444917794 true 2.033721087632685 true 2.1422123377259084 true 2.3215841694702135 true 2.4521387522766815 
47, , true 3.8077651311964047 true 1.9744836494397582 
48, , true 2.066945863337793 true 3.225307993661671 true 3.944877984084769 true 2.7551543414530144 true 2.8886272368672508 true 2.1400201462012873 true 3.6451229193962646 
49, 50 51 52 , 
50, , false 2.8139907943592704 false 2.8558827958469593 
51, , 
52, , false 2.4609354059694724 
53, 54 55 56 , 
54, , false 3.2702037783801785 
55, , false 2.7080385117006323 
56, , 
57, 58 , true 3.8418611894266093 true 3.5072343007103397 true 3.1725529914546424 true 3.7382739528010944 true 2.829271816388257 
58, 59 , 
59, , false 1.256227514373549 
60, 61 , 
61, 62 63 64 65 , 
62, , true 2.9214928417952812 true 2.6296472043839714 true 2.376240355107143 true 2.32061070173231 
63, , 
64, , true 2.108914441245563 true 3.834031268174053 
65, , false 3.6704606519963647 false 2.1680302444501933 
66, , true 2.362740583263516 true 2.61963280509525 true 3.6254037454896384 true 3.890440241600274 true 3.3163898244284127 true 2.2163934893949246 true 3.736687653990984 
