0, 1 87 , 
1, 2 28 , false 8.438081119535823 
2, 3 4 , 
3, , 
4, 5 16 , false 5.324709675820465 
5, 6 7 12 15 , false 2.238103104168488 
6, , false 8.101840315249873 
7, 8 9 10 11 , 
8, , false 8.070491622511653 
9, , false 4.301007782415454 
10, , false 1.1547707195047252 
11, , false 2.7234306812768097 
12, 13 14 , 
13, , false 3.5253570062782416 
14, , false 2.0705672744238504 
15, , false 6.757324339437638 
16, 17 18 23 , 
17, , false 3.047290081880341 
18, 19 20 21 22 , false 8.443876120710158 
19, , false 9.03334058336634 
20, , false 7.12019750678563 
21, , false 5.873613015091024 
22, , false 6.726425634529772 
23, 24 25 26 27 , 
24, , false 5.6050842922727355 
25, , false 10.129386751060558 
26, , false 3.7273946003408014 
27, , false 9.612279431683064 
28, 29 64 , 
29, 30 38 56 63 , 
30, 31 32 35 , 
31, , false 5.2751990458020614 
32, 33 34 , false 5.2067471704188755 
33, , false 9.559130578379495 
34, , false 1.1970164767616023 
35, 36 37 , 
36, , false 3.0418421096275523 
37, , false 8.776853731954391 
38, 39 42 47 51 , 
39, 40 41 , 
40, , false 7.080912008751511 
41, , false 2.490245399857457 
42, 43 44 45 46 , 
43, , false 4.357373619609753 
44, , false 2.342286478084887 
45, , false 5.368819782104993 
46, , false 1.8453416462243482 
47, 48 49 50 , 
48, , false 5.298648725401307 
49, , false 4.301670105198312 
50, , false 8.19725141816722 
51, 52 53 54 55 , false 2.115143179734531 
52, , false 7.6294254130502495 
53, , false 7.665863518936788 
54, , false 2.123082312640541 
55, , false 3.414799513217247 
56, 57 60 , 
57, 58 59 , 
58, , false 6.224596883541409 
59, , false 10.802497690836221 
60, 61 62 , 
61, , false 8.523979493974636 
62, , false 2.4211800798926646 
63, , false 5.998088961624418 
64, 65 74 , 
65, 66 67 71 , 
66, , false 1.2980181097516308 
67, 68 69 70 , false 5.894848434391655 
68, , false 7.880097679621429 
69, , false 1.3522581387340722 
70, , false 6.137073885834994 
71, 72 73 , 
72, , false 8.655823316916624 
73, , false 2.1655569427756376 
74, 75 79 82 , 
75, 76 77 78 , false 10.695536732074622 
76, , false 1.8006454231367996 
77, , false 10.194335844623913 
78, , false 4.310807104604848 
79, 80 81 , 
80, , false 8.244517300193486 
81, , false 5.329277880087687 
82, 83 84 85 86 , 
83, , false 10.826083032884583 
84, , false 6.818539636182216 
85, , false 3.982792827937807 
86, , false 6.318403255466183 
87, 88 174 , 
88, 89 116 143 161 , 
89, 90 98 , 
90, 91 94 95 , 
91, 92 93 , false 3.83627884035009 
92, , false 1.8125976826933297 
93, , false 1.0033372335544013 
94, , false 7.121668358388572 
95, 96 97 , 
96, , false 8.111724967198427 
97, , false 4.1564095017604785 
98, 99 103 108 113 , 
99, 100 101 102 , 
100, , false 6.8508953035097235 
101, , false 6.788619251622425 
102, , false 7.511565453168984 
103, 104 105 106 107 , 
104, , false 5.0035681129176055 
105, , false 4.740645252497757 
106, , false 8.999208795915592 
107, , false 10.1425550759174 
108, 109 110 111 112 , 
109, , false 2.206840549362326 
110, , false 3.598117403337369 
111, , false 7.537404108293316 
112, , false 1.4689124841046493 
113, 114 115 , 
114, , false 5.8381493996242035 
115, , false 3.303763076244053 
116, 117 128 131 , false 9.897936879068595 
117, 118 119 123 , false 8.041768681812627 
118, , false 4.461757881758167 
119, 120 121 122 , false 5.27572972993984 
120, , false 7.207784666664362 
121, , false 3.9962345715786753 
122, , false 4.335462231462259 
123, 124 125 126 127 , false 2.1840795954946586 
124, , false 9.111492031766403 
125, , false 5.256431402317389 
126, , false 8.89055222672988 
127, , false 7.914033106080765 
128, 129 130 , 
129, , false 7.6328549492890545 
130, , false 3.1217585762828293 
131, 132 133 134 139 , 
132, , false 5.184992629360762 
133, , false 10.415695700653785 
134, 135 136 137 138 , false 1.8158621492067333 
135, , false 6.377542563943827 
136, , false 9.755474609098396 
137, , false 7.71869956153369 
138, , false 5.147319679909103 
139, 140 141 142 , 
140, , false 6.937515835462719 
141, , false 2.393897254890428 
142, , false 8.557354832882737 
143, 144 153 , false 10.922034509948965 
144, 145 149 , 
145, 146 147 148 , 
146, , false 6.4307755272542835 
147, , false 9.963947235681388 
148, , false 3.3552565641867567 
149, 150 151 152 , 
150, , false 7.386404892124325 
151, , false 1.338109522216051 
152, , false 4.8676853948439565 
153, 154 157 , false 3.9594525718011724 
154, 155 156 , false 8.771938419707382 
155, , false 9.037956790288888 
156, , false 1.4872626955466188 
157, 158 159 160 , false 9.593057774533577 
158, , false 7.504308625029822 
159, , false 3.7751650825809975 
160, , false 9.183237960478259 
161, 162 172 173 , 
162, 163 167 , false 2.082262867388451 
163, 164 165 166 , 
164, , false 7.8477274855387975 
165, , false 3.9184042879968564 
166, , false 7.503478796614758 
167, 168 169 170 171 , 
168, , false 1.3590142274843942 
169, , false 5.5751931805327 
170, , false 4.863622587112928 
171, , false 9.06474394495757 
172, , false 6.446917372343449 
173, , false 4.720156684706616 
174, 175 198 223 247 , 
175, 176 185 , false 3.5409579200172487 
176, 177 178 181 184 , 
177, , false 10.161857738010912 
178, 179 180 , 
179, , false 4.952511460989147 
180, , false 7.353224039014233 
181, 182 183 , false 5.403192949032743 
182, , false 8.06238245426103 
183, , false 9.673385923241877 
184, , false 3.8690459708484575 
185, 186 191 192 197 , 
186, 187 188 189 190 , 
187, , false 9.121767781443808 
188, , false 4.0406292675590585 
189, , false 4.266465947172108 
190, , false 9.72311705601745 
191, , false 4.14788280750237 
192, 193 194 195 196 , 
193, , false 2.103016324167058 
194, , false 7.557734995138233 
195, , false 2.7810936725394555 
196, , false 9.8363987740901 
197, , false 2.7515843901814208 
198, 199 208 209 , false 8.344776749829343 
199, 200 204 , 
200, 201 202 203 , 
201, , false 3.685056625143716 
202, , false 5.481702042458309 
203, , false 1.4493137859611416 
204, 205 206 207 , 
205, , false 3.625927151083914 
206, , false 1.222219493012716 
207, , false 4.239646712343003 
208, , false 2.7843280102718992 
209, 210 215 220 , 
210, 211 212 213 214 , 
211, , false 7.569927223877713 
212, , false 5.513752268501207 
213, , false 2.3600878426303957 
214, , false 8.450159285990637 
215, 216 217 218 219 , false 1.7062939046344585 
216, , false 6.120147025432971 
217, , false 6.697020014144073 
218, , false 4.640680633981447 
219, , false 9.90455935043893 
220, 221 222 , 
221, , false 10.659696503358035 
222, , false 8.800356286376985 
223, 224 235 236 , 
224, 225 230 234 , 
225, 226 227 228 229 , false 4.571847517876691 
226, , false 10.330461205998176 
227, , false 4.3566650929339445 
228, , false 8.726644778649877 
229, , false 3.553666338516134 
230, 231 232 233 , 
231, , false 1.3905169311126144 
232, , false 7.113473572437982 
233, , false 1.7996039216137518 
234, , false 1.9200351163960931 
235, , false 1.601032213858062 
236, 237 241 242 , false 10.342821144778966 
237, 238 239 240 , 
238, , false 6.978823786806695 
239, , false 10.77157019658896 
240, , false 8.007138085231006 
241, , false 6.929829994743244 
242, 243 244 245 246 , 
243, , false 4.962743162244891 
244, , false 10.980086563473293 
245, , false 4.506526466781796 
246, , false 10.39043442729784 
247, , false 7.524180532158994 
